2665 1693
2790 1692
2781 1817
2656 1817
2868 1691
2997 1689
2990 1817
2859 1817
3077 1688
3211 1686
3205 1816
3070 1816
3294 1685
3432 1683
3428 1815
3288 1816
3518 1682
3662 1680
3659 1815
3514 1815
3751 1679
3899 1677
3898 1814
3748 1815
2649 1900
2776 1900
2766 2029
2639 2027
2854 1901
2985 1901
2977 2032
2845 2030
3065 1901
3201 1902
3195 2035
3058 2033
3285 1902
3425 1903
3420 2038
3279 2036
3512 1903
3657 1904
3654 2042
3507 2040
3747 1904
3897 1905
3896 2045
3744 2043
2633 2111
2760 2114
2751 2245
2623 2241
2839 2115
2972 2118
2964 2252
2831 2248
3053 2120
3190 2123
3184 2259
3046 2255
3275 2125
3417 2128
3412 2267
3269 2262
3505 2130
3652 2133
3649 2274
3501 2270
3743 2135
3895 2138
3894 2282
3740 2277
2616 2327
2745 2332
2735 2467
2605 2460
2825 2335
2958 2341
2950 2478
2816 2471
3041 2344
3180 2350
3173 2489
3034 2482
3265 2353
3409 2359
3404 2501
3259 2494
3498 2362
3647 2368
3643 2513
3493 2505
3739 2372
3893 2378
3892 2526
3736 2518
